0 0.000000  0.000000   7500.000000
1 272.017174  0.000000   7360.290616
2 543.765899  0.000000   7213.317514
3 814.977993  0.000000   7059.225738
4 1085.385803  0.000000   6898.167359
5 1354.722467  0.000000   6730.301321
6 1622.722184  0.000000   6555.793288
7 1889.120470  0.000000   6374.815479
8 2153.654423  0.000000   6187.546497
9 2416.062978  0.000000   5994.171153
10 2676.087171  0.000000   5794.880287
11 2933.470389  0.000000   5589.870572
12 3187.958626  0.000000   5379.344331
13 3439.300733  0.000000   5163.509326
14 3687.248665  0.000000   4942.578561
15 3931.557728  0.000000   4716.770068
16 4171.986818  0.000000   4486.306691
17 4408.298660  0.000000   4251.415872
18 4640.260045  0.000000   4012.329419
19 4867.642052  0.000000   3769.283281
20 5090.220285  0.000000   3522.517315
21 5307.775085  0.000000   3272.275051
22 5520.091751  0.000000   3018.803445
23 5726.960754  0.000000   2762.352645
24 5928.177937  0.000000   2503.175737
25 6123.544725  0.000000   2241.528496
26 6312.868313  0.000000   1977.669138
27 6495.961863  0.000000   1711.858058
28 6672.644682  0.000000   1444.357582
29 6842.742407  0.000000   1175.431699
30 7006.087171  0.000000   905.345807
31 7162.517773  0.000000   634.366447
32 7311.879835  0.000000   362.761045
33 7454.025954  0.000000   90.797641
34 0.000000  7407.560480   181.255369
35 0.000000  7262.986998   453.129502
36 0.000000  7111.245824   724.556450
37 0.000000  6952.486709   995.268349
38 0.000000  6786.866329   1264.998039
39 0.000000  6614.548131   1533.479328
40 0.000000  6435.702173   1800.447258
41 0.000000  6250.504954   2065.638364
42 0.000000  6059.139241   2328.790934
43 0.000000  5861.793890   2589.645269
44 0.000000  5658.663655   2847.943936
45 0.000000  5449.949003   3103.432027
46 0.000000  5235.855908   3355.857405
47 0.000000  5016.595657   3604.970957
48 0.000000  4792.384631   3850.526838
49 0.000000  4563.444099   4092.282713
50 0.000000  4330.000000   4330.000000
51 0.000000  4092.282713   4563.444099
52 0.000000  3850.526838   4792.384631
53 0.000000  3604.970957   5016.595657
54 0.000000  3355.857405   5235.855908
55 0.000000  3103.432027   5449.949003
56 0.000000  2847.943936   5658.663655
57 0.000000  2589.645269   5861.793890
58 0.000000  2328.790934   6059.139241
59 0.000000  2065.638364   6250.504954
60 0.000000  1800.447258   6435.702173
61 0.000000  1533.479328   6614.548131
62 0.000000  1264.998039   6786.866329
63 0.000000  995.268349   6952.486709
64 0.000000  724.556450   7111.245824
65 0.000000  453.129502   7262.986998
66 0.000000  181.255369   7407.560480
67 7454.025954  90.797641   0.000000
68 7311.879835  362.761045   0.000000
69 7162.517773  634.366447   0.000000
70 7006.087171  905.345807   0.000000
71 6842.742407  1175.431699   0.000000
72 6672.644682  1444.357582   0.000000
73 6495.961863  1711.858058   0.000000
74 6312.868313  1977.669138   0.000000
75 6123.544725  2241.528496   0.000000
76 5928.177937  2503.175737   0.000000
77 5726.960754  2762.352645   0.000000
78 5520.091751  3018.803445   0.000000
79 5307.775085  3272.275051   0.000000
80 5090.220285  3522.517315   0.000000
81 4867.642052  3769.283281   0.000000
82 4640.260045  4012.329419   0.000000
83 4408.298660  4251.415872   0.000000
84 4171.986818  4486.306691   0.000000
85 3931.557728  4716.770068   0.000000
86 3687.248665  4942.578561   0.000000
87 3439.300733  5163.509326   0.000000
88 3187.958626  5379.344331   0.000000
89 2933.470389  5589.870572   0.000000
90 2676.087171  5794.880287   0.000000
91 2416.062978  5994.171153   0.000000
92 2153.654423  6187.546497   0.000000
93 1889.120470  6374.815479   0.000000
94 1622.722184  6555.793288   0.000000
95 1354.722467  6730.301321   0.000000
96 1085.385803  6898.167359   0.000000
97 814.977993  7059.225738   0.000000
98 543.765899  7213.317514   0.000000
99 272.017174  7360.290616   0.000000
100 0.000000  7500.000000   0.000000
101 272.017174  0.000000   7360.290616
102 543.765899  0.000000   7213.317514
103 814.977993  0.000000   7059.225738
104 1085.385803  0.000000   6898.167359
105 1354.722467  0.000000   6730.301321
106 1622.722184  0.000000   6555.793288
107 1889.120470  0.000000   6374.815479
108 2153.654423  0.000000   6187.546497
109 2416.062978  0.000000   5994.171153
110 2676.087171  0.000000   5794.880287
111 2933.470389  0.000000   5589.870572
112 3187.958626  0.000000   5379.344331
113 3439.300733  0.000000   5163.509326
114 3687.248665  0.000000   4942.578561
115 3931.557728  0.000000   4716.770068
116 4171.986818  0.000000   4486.306691
117 4408.298660  0.000000   4251.415872
118 4640.260045  0.000000   4012.329419
119 4867.642052  0.000000   3769.283281
120 5090.220285  0.000000   3522.517315
121 5307.775085  0.000000   3272.275051
122 5520.091751  0.000000   3018.803445
123 5726.960754  0.000000   2762.352645
124 5928.177937  0.000000   2503.175737
125 6123.544725  0.000000   2241.528496
126 6312.868313  0.000000   1977.669138
127 6495.961863  0.000000   1711.858058
128 6672.644682  0.000000   1444.357582
129 6842.742407  0.000000   1175.431699
130 7006.087171  0.000000   905.345807
131 7162.517773  0.000000   634.366447
132 7311.879835  0.000000   362.761045
133 7454.025954  0.000000   90.797641
134 0.000000  7407.560480   181.255369
135 0.000000  7262.986998   453.129502
136 0.000000  7111.245824   724.556450
137 0.000000  6952.486709   995.268349
138 0.000000  6786.866329   1264.998039
139 0.000000  6614.548131   1533.479328
140 0.000000  6435.702173   1800.447258
141 0.000000  6250.504954   2065.638364
142 0.000000  6059.139241   2328.790934
143 0.000000  5861.793890   2589.645269
144 0.000000  5658.663655   2847.943936
145 0.000000  5449.949003   3103.432027
146 0.000000  5235.855908   3355.857405
147 0.000000  5016.595657   3604.970957
148 0.000000  4792.384631   3850.526838
149 0.000000  4563.444099   4092.282713
150 0.000000  4330.000000   4330.000000
151 0.000000  4092.282713   4563.444099
152 0.000000  3850.526838   4792.384631
153 0.000000  3604.970957   5016.595657
154 0.000000  3355.857405   5235.855908
155 0.000000  3103.432027   5449.949003
156 0.000000  2847.943936   5658.663655
157 0.000000  2589.645269   5861.793890
158 0.000000  2328.790934   6059.139241
159 0.000000  2065.638364   6250.504954
160 0.000000  1800.447258   6435.702173
161 0.000000  1533.479328   6614.548131
162 0.000000  1264.998039   6786.866329
163 0.000000  995.268349   6952.486709
164 0.000000  724.556450   7111.245824
165 0.000000  453.129502   7262.986998
166 0.000000  181.255369   7407.560480
167 7454.025954  90.797641   0.000000
168 7311.879835  362.761045   0.000000
169 7162.517773  634.366447   0.000000
170 7006.087171  905.345807   0.000000
171 6842.742407  1175.431699   0.000000
172 6672.644682  1444.357582   0.000000
173 6495.961863  1711.858058   0.000000
174 6312.868313  1977.669138   0.000000
175 6123.544725  2241.528496   0.000000
176 5928.177937  2503.175737   0.000000
177 5726.960754  2762.352645   0.000000
178 5520.091751  3018.803445   0.000000
179 5307.775085  3272.275051   0.000000
180 5090.220285  3522.517315   0.000000
181 4867.642052  3769.283281   0.000000
182 4640.260045  4012.329419   0.000000
183 4408.298660  4251.415872   0.000000
184 4171.986818  4486.306691   0.000000
185 3931.557728  4716.770068   0.000000
186 3687.248665  4942.578561   0.000000
187 3439.300733  5163.509326   0.000000
188 3187.958626  5379.344331   0.000000
189 2933.470389  5589.870572   0.000000
190 2676.087171  5794.880287   0.000000
191 2416.062978  5994.171153   0.000000
192 2153.654423  6187.546497   0.000000
193 1889.120470  6374.815479   0.000000
194 1622.722184  6555.793288   0.000000
195 1354.722467  6730.301321   0.000000
196 1085.385803  6898.167359   0.000000
197 814.977993  7059.225738   0.000000
198 543.765899  7213.317514   0.000000
199 272.017174  7360.290616   0.000000
200 0.000000  7500.000000   0.000000
201 272.017174  0.000000   7360.290616
202 543.765899  0.000000   7213.317514
203 814.977993  0.000000   7059.225738
204 1085.385803  0.000000   6898.167359
205 1354.722467  0.000000   6730.301321
206 1622.722184  0.000000   6555.793288
207 1889.120470  0.000000   6374.815479
208 2153.654423  0.000000   6187.546497
209 2416.062978  0.000000   5994.171153
210 2676.087171  0.000000   5794.880287
211 2933.470389  0.000000   5589.870572
212 3187.958626  0.000000   5379.344331
213 3439.300733  0.000000   5163.509326
214 3687.248665  0.000000   4942.578561
215 3931.557728  0.000000   4716.770068
216 4171.986818  0.000000   4486.306691
217 4408.298660  0.000000   4251.415872
218 4640.260045  0.000000   4012.329419
219 4867.642052  0.000000   3769.283281
220 5090.220285  0.000000   3522.517315
221 5307.775085  0.000000   3272.275051
222 5520.091751  0.000000   3018.803445
223 5726.960754  0.000000   2762.352645
224 5928.177937  0.000000   2503.175737
225 6123.544725  0.000000   2241.528496
226 6312.868313  0.000000   1977.669138
227 6495.961863  0.000000   1711.858058
228 6672.644682  0.000000   1444.357582
229 6842.742407  0.000000   1175.431699
230 7006.087171  0.000000   905.345807
231 7162.517773  0.000000   634.366447
232 7311.879835  0.000000   362.761045
233 7454.025954  0.000000   90.797641
234 0.000000  7407.560480   181.255369
235 0.000000  7262.986998   453.129502
236 0.000000  7111.245824   724.556450
237 0.000000  6952.486709   995.268349
238 0.000000  6786.866329   1264.998039
239 0.000000  6614.548131   1533.479328
240 0.000000  6435.702173   1800.447258
241 0.000000  6250.504954   2065.638364
242 0.000000  6059.139241   2328.790934
243 0.000000  5861.793890   2589.645269
244 0.000000  5658.663655   2847.943936
245 0.000000  5449.949003   3103.432027
246 0.000000  5235.855908   3355.857405
247 0.000000  5016.595657   3604.970957
248 0.000000  4792.384631   3850.526838
249 0.000000  4563.444099   4092.282713
250 0.000000  4330.000000   4330.000000
251 0.000000  4092.282713   4563.444099
252 0.000000  3850.526838   4792.384631
253 0.000000  3604.970957   5016.595657
254 0.000000  3355.857405   5235.855908
255 0.000000  3103.432027   5449.949003
256 0.000000  2847.943936   5658.663655
257 0.000000  2589.645269   5861.793890
258 0.000000  2328.790934   6059.139241
259 0.000000  2065.638364   6250.504954
260 0.000000  1800.447258   6435.702173
261 0.000000  1533.479328   6614.548131
262 0.000000  1264.998039   6786.866329
263 0.000000  995.268349   6952.486709
264 0.000000  724.556450   7111.245824
265 0.000000  453.129502   7262.986998
266 0.000000  181.255369   7407.560480
267 7454.025954  90.797641   0.000000
268 7311.879835  362.761045   0.000000
269 7162.517773  634.366447   0.000000
270 7006.087171  905.345807   0.000000
271 6842.742407  1175.431699   0.000000
272 6672.644682  1444.357582   0.000000
273 6495.961863  1711.858058   0.000000
274 6312.868313  1977.669138   0.000000
275 6123.544725  2241.528496   0.000000
276 5928.177937  2503.175737   0.000000
277 5726.960754  2762.352645   0.000000
278 5520.091751  3018.803445   0.000000
279 5307.775085  3272.275050   0.000000
280 5090.220285  3522.517315   0.000000
281 4867.642052  3769.283281   0.000000
282 4640.260045  4012.329419   0.000000
283 4408.298660  4251.415872   0.000000
284 4171.986818  4486.306691   0.000000
285 3931.557728  4716.770068   0.000000
286 3687.248665  4942.578561   0.000000
287 3439.300733  5163.509326   0.000000
288 3187.958626  5379.344331   0.000000
289 2933.470389  5589.870572   0.000000
290 2676.087171  5794.880287   0.000000
291 2416.062978  5994.171153   0.000000
292 2153.654423  6187.546497   0.000000
293 1889.120470  6374.815479   0.000000
294 1622.722184  6555.793288   0.000000
295 1354.722467  6730.301321   0.000000
296 1085.385803  6898.167359   0.000000
297 814.977993  7059.225738   0.000000
298 543.765899  7213.317514   0.000000
299 272.017174  7360.290616   0.000000
300 0.000000  7500.000000   0.000000
301 272.017174  0.000000   7360.290616
302 543.765899  0.000000   7213.317514
303 814.977993  0.000000   7059.225738
304 1085.385803  0.000000   6898.167359
305 1354.722467  0.000000   6730.301321
306 1622.722184  0.000000   6555.793288
307 1889.120470  0.000000   6374.815479
308 2153.654423  0.000000   6187.546497
309 2416.062978  0.000000   5994.171153
310 2676.087171  0.000000   5794.880287
311 2933.470389  0.000000   5589.870572
312 3187.958626  0.000000   5379.344331
313 3439.300733  0.000000   5163.509326
314 3687.248665  0.000000   4942.578561
315 3931.557728  0.000000   4716.770068
316 4171.986818  0.000000   4486.306691
317 4408.298660  0.000000   4251.415872
318 4640.260045  0.000000   4012.329419
319 4867.642052  0.000000   3769.283281
320 5090.220285  0.000000   3522.517315
321 5307.775085  0.000000   3272.275051
322 5520.091751  0.000000   3018.803445
323 5726.960754  0.000000   2762.352645
324 5928.177937  0.000000   2503.175737
325 6123.544725  0.000000   2241.528496
326 6312.868313  0.000000   1977.669138
327 6495.961863  0.000000   1711.858058
328 6672.644682  0.000000   1444.357582
329 6842.742407  0.000000   1175.431699
330 7006.087171  0.000000   905.345807
331 7162.517773  0.000000   634.366447
332 7311.879835  0.000000   362.761045
333 7454.025954  0.000000   90.797641
334 0.000000  7407.560480   181.255369
335 0.000000  7262.986998   453.129502
336 0.000000  7111.245824   724.556450
337 0.000000  6952.486709   995.268349
338 0.000000  6786.866329   1264.998039
339 0.000000  6614.548131   1533.479328
340 0.000000  6435.702173   1800.447258
341 0.000000  6250.504954   2065.638364
342 0.000000  6059.139241   2328.790934
343 0.000000  5861.793890   2589.645269
344 0.000000  5658.663655   2847.943936
345 0.000000  5449.949003   3103.432027
346 0.000000  5235.855908   3355.857405
347 0.000000  5016.595657   3604.970957
348 0.000000  4792.384631   3850.526838
349 0.000000  4563.444099   4092.282713
350 0.000000  4330.000000   4330.000000
351 0.000000  4092.282713   4563.444099
352 0.000000  3850.526838   4792.384631
353 0.000000  3604.970957   5016.595657
354 0.000000  3355.857405   5235.855908
355 0.000000  3103.432027   5449.949003
356 0.000000  2847.943936   5658.663655
357 0.000000  2589.645269   5861.793890
358 0.000000  2328.790934   6059.139241
359 0.000000  2065.638364   6250.504954
360 0.000000  1800.447258   6435.702173
361 0.000000  1533.479328   6614.548131
362 0.000000  1264.998039   6786.866329
363 0.000000  995.268349   6952.486709
364 0.000000  724.556450   7111.245824
365 0.000000  453.129502   7262.986998
366 0.000000  181.255369   7407.560480
367 7454.025954  90.797641   0.000000
368 7311.879835  362.761045   0.000000
369 7162.517773  634.366447   0.000000
370 7006.087171  905.345807   0.000000
371 6842.742407  1175.431699   0.000000
372 6672.644682  1444.357582   0.000000
373 6495.961863  1711.858058   0.000000
374 6312.868313  1977.669138   0.000000
375 6123.544725  2241.528496   0.000000
376 5928.177937  2503.175737   0.000000
377 5726.960754  2762.352645   0.000000
378 5520.091751  3018.803445   0.000000
379 5307.775085  3272.275050   0.000000
380 5090.220285  3522.517315   0.000000
381 4867.642052  3769.283281   0.000000
382 4640.260045  4012.329419   0.000000
383 4408.298660  4251.415872   0.000000
384 4171.986818  4486.306691   0.000000
385 3931.557728  4716.770068   0.000000
386 3687.248665  4942.578561   0.000000
387 3439.300733  5163.509326   0.000000
388 3187.958626  5379.344331   0.000000
389 2933.470389  5589.870572   0.000000
390 2676.087171  5794.880287   0.000000
391 2416.062978  5994.171153   0.000000
392 2153.654423  6187.546497   0.000000
393 1889.120470  6374.815479   0.000000
394 1622.722184  6555.793288   0.000000
395 1354.722467  6730.301321   0.000000
396 1085.385803  6898.167359   0.000000
397 814.977993  7059.225738   0.000000
398 543.765899  7213.317514   0.000000
399 272.017174  7360.290616   0.000000
400 0.000000  7500.000000   0.000000
